List of equations where each number has integer roots

found
8 8 16
2^3 + 2^3 = 2^4

found
16 16 32
2^4 + 2^4 = 2^5

found
27 216 243
3^3 + 6^3 = 3^5

found
32 32 64
2^5 + 2^5 = 2^6

found
64 64 128
2^6 + 2^6 = 2^7

found
128 128 256
2^7 + 2^7 = 2^8

found
216 27 243
6^3 + 3^3 = 3^5

found
256 256 512
2^8 + 2^8 = 2^9

found
343 2401 2744
7^3 + 7^4 = 14^3

found
512 512 1024
2^9 + 2^9 = 2^10

found
729 5832 6561
3^6 + 18^3 = 3^8

found
1024 1024 2048
2^10 + 2^10 = 2^11

found
2048 2048 4096
2^11 + 2^11 = 2^12

found
2401 343 2744
7^4 + 7^3 = 14^3

found
4096 4096 8192
2^12 + 2^12 = 2^13

found
5832 729 6561
18^3 + 3^6 = 3^8

found
8192 8192 16384
2^13 + 2^13 = 2^14

found
16384 16384 32768
2^14 + 2^14 = 2^15

found
17576 456976 474552
26^3 + 26^4 = 78^3

found
19683 157464 177147
3^9 + 54^3 = 3^11

found
21952 592704 614656
28^3 + 84^3 = 28^4

found
32768 32768 65536
2^15 + 2^15 = 2^16

found
54872 130321 185193
38^3 + 19^4 = 57^3

found
65536 65536 131072
2^16 + 2^16 = 2^17

found
117649 823543 941192
7^6 + 7^7 = 98^3

found
130321 54872 185193
19^4 + 38^3 = 57^3

found
131072 131072 262144
2^17 + 2^17 = 2^18

found
157464 19683 177147
54^3 + 3^9 = 3^11

found
250047 15752961 16003008
63^3 + 63^4 = 252^3

found
262144 262144 524288
2^18 + 2^18 = 2^19

found
274625 17576000 17850625
65^3 + 260^3 = 65^4

found
343000 1157625 1500625
70^3 + 105^3 = 35^4

found
456976 17576 474552
26^4 + 26^3 = 78^3

found
524288 524288 1048576
2^19 + 2^19 = 2^20

found
531441 4251528 4782969
3^12 + 162^3 = 3^14

found
592704 21952 614656
84^3 + 28^3 = 28^4

found
823543 117649 941192
7^7 + 7^6 = 98^3

found
1048576 1048576 2097152
2^20 + 2^20 = 2^21

found
1157625 343000 1500625
105^3 + 70^3 = 35^4

found
1367631 1874161 3241792
111^3 + 37^4 = 148^3

found
1404928 9834496 11239424
112^3 + 56^4 = 224^3

found
1874161 1367631 3241792
37^4 + 111^3 = 148^3

found
2097152 2097152 4194304
2^21 + 2^21 = 2^22

found
2985984 23887872 26873856
12^6 + 288^3 = 72^4

found
4194304 4194304 8388608
2^22 + 2^22 = 2^23

found
4251528 531441 4782969
162^3 + 3^12 = 3^14

found
4251528 4251528 8503056
162^3 + 162^3 = 54^4

found
8388608 8388608 16777216
2^23 + 2^23 = 2^24

found
9834496 1404928 11239424
56^4 + 112^3 = 224^3

found
13845841 14526784 28372625
61^4 + 244^3 = 305^3

found
14526784 13845841 28372625
244^3 + 61^4 = 305^3

found
15752961 250047 16003008
63^4 + 63^3 = 252^3

found
16777216 16777216 33554432
2^24 + 2^24 = 2^25

found
17576000 274625 17850625
260^3 + 65^3 = 65^4

found
20346417 48228544 68574961
273^3 + 364^3 = 91^4

found
23887872 2985984 26873856
288^3 + 12^6 = 72^4

found
33554432 33554432 67108864
2^25 + 2^25 = 2^26

found
48228544 20346417 68574961
364^3 + 273^3 = 91^4

